
 Name & Views | Count | Total count
 -------------+-------+------------
	 1000 	|   1   |	1
	 10077 	|   1   |	2
	 10114 	|   1   |	3
	 10119 	|   1   |	4
	 10193 	|   1   |	5
	 10233 	|   1   |	6
	 10280 	|   1   |	7
	 10465 	|   1   |	8
	 10691 	|   1   |	9
	 10809 	|   1   |	10
	 10904 	|   1   |	11
	 10941 	|   1   |	12
	 10957 	|   1   |	13
	 10960 	|   1   |	14
	 11065 	|   1   |	15
	 11125 	|   1   |	16
	 11293 	|   1   |	17
	 113 	|   1   |	18
	 11304 	|   1   |	19
	 11403 	|   1   |	20
	 11439 	|   1   |	21
	 11449 	|   1   |	22
	 1152 	|   1   |	23
	 11554 	|   1   |	24
	 11741 	|   1   |	25
	 11759 	|   1   |	26
	 11805 	|   1   |	27
	 11811 	|   1   |	28
	 11838 	|   1   |	29
	 11915 	|   1   |	30
	 12026 	|   1   |	31
	 12078 	|   1   |	32
	 1210 	|   1   |	33
	 12166 	|   1   |	34
	 12204 	|   1   |	35
	 12474 	|   1   |	36
	 12487 	|   1   |	37
	 12703 	|   1   |	38
	 129 	|   1   |	39
	 12943 	|   1   |	40
	 12947 	|   1   |	41
	 13040 	|   1   |	42
	 13061 	|   1   |	43
	 13216 	|   1   |	44
	 13218 	|   1   |	45
	 13389 	|   1   |	46
	 13406 	|   1   |	47
	 13436 	|   1   |	48
	 13481 	|   1   |	49
	 13812 	|   1   |	50
	 13823 	|   1   |	51
	 13924 	|   1   |	52
	 13995 	|   1   |	53
	 14018 	|   1   |	54
	 14023 	|   2   |	56
	 14575 	|   1   |	57
	 14593 	|   1   |	58
	 14651 	|   1   |	59
	 14775 	|   1   |	60
	 14785 	|   1   |	61
	 14825 	|   1   |	62
	 14833 	|   1   |	63
	 14920 	|   1   |	64
	 14922 	|   1   |	65
	 14929 	|   1   |	66
	 15195 	|   1   |	67
	 15258 	|   1   |	68
	 15394 	|   1   |	69
	 15502 	|   1   |	70
	 15514 	|   1   |	71
	 15539 	|   1   |	72
	 15674 	|   1   |	73
	 1568 	|   1   |	74
	 15732 	|   1   |	75
	 15964 	|   1   |	76
	 16179 	|   1   |	77
	 16221 	|   1   |	78
	 16458 	|   1   |	79
	 16502 	|   1   |	80
	 16531 	|   1   |	81
	 16638 	|   1   |	82
	 16704 	|   1   |	83
	 16736 	|   1   |	84
	 16779 	|   1   |	85
	 16862 	|   1   |	86
	 17036 	|   1   |	87
	 17120 	|   1   |	88
	 17150 	|   1   |	89
	 1723 	|   1   |	90
	 17250 	|   1   |	91
	 17385 	|   1   |	92
	 17469 	|   1   |	93
	 17542 	|   1   |	94
	 17550 	|   1   |	95
	 17685 	|   1   |	96
	 17916 	|   1   |	97
	 18025 	|   1   |	98
	 18048 	|   1   |	99
	 18070 	|   1   |	100
	 18232 	|   1   |	101
	 18271 	|   1   |	102
	 18316 	|   1   |	103
	 18393 	|   1   |	104
	 18403 	|   1   |	105
	 18476 	|   1   |	106
	 18556 	|   1   |	107
	 18605 	|   1   |	108
	 18640 	|   1   |	109
	 18678 	|   1   |	110
	 18771 	|   1   |	111
	 18786 	|   1   |	112
	 19032 	|   1   |	113
	 19051 	|   1   |	114
	 19064 	|   1   |	115
	 19128 	|   1   |	116
	 19203 	|   1   |	117
	 19310 	|   1   |	118
	 1941 	|   1   |	119
	 19485 	|   1   |	120
	 19580 	|   1   |	121
	 19585 	|   1   |	122
	 19625 	|   1   |	123
	 19705 	|   1   |	124
	 19722 	|   1   |	125
	 1975 	|   1   |	126
	 19809 	|   1   |	127
	 19846 	|   1   |	128
	 19904 	|   1   |	129
	 19966 	|   1   |	130
	 20002 	|   1   |	131
	 20092 	|   1   |	132
	 20192 	|   1   |	133
	 20239 	|   1   |	134
	 20260 	|   1   |	135
	 20344 	|   1   |	136
	 20563 	|   1   |	137
	 20598 	|   1   |	138
	 21097 	|   1   |	139
	 21121 	|   1   |	140
	 21364 	|   1   |	141
	 21420 	|   1   |	142
	 21533 	|   1   |	143
	 21592 	|   1   |	144
	 21676 	|   1   |	145
	 21707 	|   1   |	146
	 21715 	|   1   |	147
	 2178 	|   1   |	148
	 21903 	|   1   |	149
	 22132 	|   1   |	150
	 22152 	|   1   |	151
	 22294 	|   1   |	152
	 22308 	|   1   |	153
	 22325 	|   1   |	154
	 22361 	|   1   |	155
	 2237 	|   1   |	156
	 22404 	|   1   |	157
	 22739 	|   1   |	158
	 22740 	|   1   |	159
	 22741 	|   1   |	160
	 22766 	|   1   |	161
	 22790 	|   1   |	162
	 22804 	|   1   |	163
	 23034 	|   1   |	164
	 23082 	|   1   |	165
	 23168 	|   1   |	166
	 2317 	|   1   |	167
	 23361 	|   1   |	168
	 23437 	|   1   |	169
	 2352 	|   1   |	170
	 23584 	|   1   |	171
	 2374 	|   1   |	172
	 23784 	|   1   |	173
	 23873 	|   1   |	174
	 24360 	|   1   |	175
	 24393 	|   1   |	176
	 24465 	|   1   |	177
	 24535 	|   1   |	178
	 24816 	|   1   |	179
	 24946 	|   1   |	180
	 2505 	|   1   |	181
	 25169 	|   1   |	182
	 25170 	|   1   |	183
	 25317 	|   1   |	184
	 25404 	|   1   |	185
	 25441 	|   1   |	186
	 25454 	|   1   |	187
	 25518 	|   1   |	188
	 25637 	|   1   |	189
	 25702 	|   1   |	190
	 25850 	|   1   |	191
	 25983 	|   1   |	192
	 26054 	|   1   |	193
	 26221 	|   1   |	194
	 26242 	|   1   |	195
	 2626 	|   1   |	196
	 26471 	|   1   |	197
	 26584 	|   1   |	198
	 26623 	|   1   |	199
	 26712 	|   1   |	200
	 26717 	|   1   |	201
	 26755 	|   1   |	202
	 26803 	|   1   |	203
	 26844 	|   1   |	204
	 26849 	|   1   |	205
	 26921 	|   1   |	206
	 2694 	|   1   |	207
	 26955 	|   1   |	208
	 26997 	|   1   |	209
	 27059 	|   1   |	210
	 27175 	|   1   |	211
	 27205 	|   1   |	212
	 2722 	|   1   |	213
	 2723 	|   1   |	214
	 27237 	|   1   |	215
	 27238 	|   1   |	216
	 27304 	|   1   |	217
	 27308 	|   1   |	218
	 27434 	|   1   |	219
	 27636 	|   1   |	220
	 27731 	|   1   |	221
	 27740 	|   1   |	222
	 27744 	|   1   |	223
	 27838 	|   1   |	224
	 27898 	|   1   |	225
	 28124 	|   1   |	226
	 28290 	|   1   |	227
	 28325 	|   1   |	228
	 28664 	|   1   |	229
	 2876 	|   1   |	230
	 28840 	|   1   |	231
	 28970 	|   1   |	232
	 29148 	|   1   |	233
	 29370 	|   1   |	234
	 29640 	|   1   |	235
	 29857 	|   1   |	236
	 300 	|   1   |	237
	 3008 	|   1   |	238
	 30270 	|   1   |	239
	 30405 	|   1   |	240
	 30467 	|   1   |	241
	 30552 	|   1   |	242
	 30578 	|   1   |	243
	 30673 	|   1   |	244
	 30694 	|   1   |	245
	 30789 	|   1   |	246
	 3096 	|   1   |	247
	 31093 	|   1   |	248
	 31112 	|   1   |	249
	 31199 	|   1   |	250
	 31281 	|   1   |	251
	 31301 	|   1   |	252
	 31380 	|   1   |	253
	 31405 	|   1   |	254
	 31644 	|   1   |	255
	 31661 	|   1   |	256
	 31691 	|   1   |	257
	 31830 	|   1   |	258
	 31888 	|   1   |	259
	 31981 	|   1   |	260
	 32023 	|   1   |	261
	 32180 	|   1   |	262
	 32257 	|   1   |	263
	 3237 	|   1   |	264
	 32404 	|   1   |	265
	 32680 	|   1   |	266
	 32702 	|   1   |	267
	 32769 	|   1   |	268
	 33030 	|   1   |	269
	 33139 	|   1   |	270
	 33149 	|   1   |	271
	 33166 	|   1   |	272
	 3320 	|   1   |	273
	 33210 	|   1   |	274
	 33279 	|   1   |	275
	 33379 	|   1   |	276
	 33422 	|   1   |	277
	 33571 	|   1   |	278
	 33767 	|   1   |	279
	 33829 	|   1   |	280
	 34112 	|   1   |	281
	 34134 	|   1   |	282
	 34141 	|   1   |	283
	 34177 	|   1   |	284
	 34562 	|   1   |	285
	 34563 	|   1   |	286
	 34679 	|   1   |	287
	 34928 	|   1   |	288
	 35119 	|   1   |	289
	 35177 	|   1   |	290
	 35204 	|   1   |	291
	 35314 	|   1   |	292
	 35327 	|   1   |	293
	 35361 	|   1   |	294
	 35511 	|   1   |	295
	 35563 	|   1   |	296
	 35748 	|   1   |	297
	 35852 	|   1   |	298
	 35909 	|   1   |	299
	 35937 	|   1   |	300
	 35961 	|   1   |	301
	 36187 	|   1   |	302
	 36223 	|   1   |	303
	 3640 	|   1   |	304
	 36453 	|   1   |	305
	 36476 	|   1   |	306
	 36618 	|   1   |	307
	 36687 	|   1   |	308
	 36689 	|   1   |	309
	 3680 	|   1   |	310
	 36948 	|   1   |	311
	 36955 	|   1   |	312
	 36978 	|   1   |	313
	 37071 	|   1   |	314
	 37212 	|   1   |	315
	 37223 	|   1   |	316
	 37422 	|   1   |	317
	 37445 	|   1   |	318
	 37449 	|   1   |	319
	 37463 	|   1   |	320
	 37487 	|   1   |	321
	 37605 	|   1   |	322
	 37879 	|   1   |	323
	 37942 	|   1   |	324
	 3808 	|   1   |	325
	 38109 	|   1   |	326
	 38170 	|   1   |	327
	 38404 	|   1   |	328
	 38414 	|   1   |	329
	 38499 	|   1   |	330
	 38514 	|   1   |	331
	 38867 	|   1   |	332
	 38925 	|   1   |	333
	 38931 	|   1   |	334
	 3898 	|   1   |	335
	 38984 	|   1   |	336
	 39054 	|   1   |	337
	 39119 	|   1   |	338
	 39125 	|   1   |	339
	 39172 	|   1   |	340
	 39311 	|   1   |	341
	 39425 	|   1   |	342
	 39549 	|   1   |	343
	 3959 	|   1   |	344
	 39651 	|   1   |	345
	 39709 	|   1   |	346
	 39724 	|   1   |	347
	 39725 	|   1   |	348
	 40177 	|   1   |	349
	 40218 	|   1   |	350
	 40345 	|   1   |	351
	 40363 	|   1   |	352
	 40425 	|   1   |	353
	 40507 	|   1   |	354
	 40519 	|   1   |	355
	 40617 	|   2   |	357
	 40655 	|   1   |	358
	 40782 	|   1   |	359
	 40814 	|   1   |	360
	 4091 	|   1   |	361
	 40913 	|   1   |	362
	 41043 	|   1   |	363
	 41293 	|   1   |	364
	 41392 	|   1   |	365
	 41402 	|   1   |	366
	 41562 	|   1   |	367
	 4165 	|   1   |	368
	 41770 	|   1   |	369
	 41856 	|   1   |	370
	 41886 	|   1   |	371
	 41976 	|   1   |	372
	 42043 	|   1   |	373
	 42076 	|   1   |	374
	 42220 	|   1   |	375
	 42226 	|   1   |	376
	 42778 	|   1   |	377
	 43264 	|   1   |	378
	 43306 	|   1   |	379
	 43483 	|   1   |	380
	 4364 	|   1   |	381
	 43730 	|   1   |	382
	 43888 	|   1   |	383
	 43913 	|   1   |	384
	 43930 	|   1   |	385
	 44151 	|   1   |	386
	 44234 	|   1   |	387
	 44255 	|   1   |	388
	 44378 	|   1   |	389
	 44521 	|   1   |	390
	 44594 	|   1   |	391
	 44624 	|   1   |	392
	 44919 	|   1   |	393
	 44920 	|   1   |	394
	 44956 	|   1   |	395
	 44994 	|   1   |	396
	 45170 	|   1   |	397
	 45171 	|   1   |	398
	 45361 	|   1   |	399
	 45575 	|   1   |	400
	 45704 	|   1   |	401
	 45751 	|   1   |	402
	 45759 	|   1   |	403
	 45791 	|   1   |	404
	 45870 	|   1   |	405
	 45891 	|   1   |	406
	 45915 	|   1   |	407
	 46006 	|   1   |	408
	 4602 	|   1   |	409
	 46105 	|   1   |	410
	 46276 	|   1   |	411
	 46431 	|   1   |	412
	 46465 	|   1   |	413
	 46467 	|   1   |	414
	 46502 	|   1   |	415
	 46602 	|   1   |	416
	 46646 	|   1   |	417
	 46669 	|   1   |	418
	 47085 	|   1   |	419
	 47120 	|   1   |	420
	 47189 	|   1   |	421
	 47531 	|   1   |	422
	 47564 	|   1   |	423
	 47588 	|   1   |	424
	 47589 	|   1   |	425
	 47835 	|   1   |	426
	 47854 	|   1   |	427
	 47863 	|   1   |	428
	 47997 	|   1   |	429
	 48 	|   1   |	430
	 480 	|   1   |	431
	 48009 	|   1   |	432
	 48058 	|   1   |	433
	 48149 	|   1   |	434
	 48183 	|   1   |	435
	 48230 	|   1   |	436
	 48279 	|   1   |	437
	 48526 	|   1   |	438
	 48757 	|   1   |	439
	 48862 	|   1   |	440
	 48960 	|   1   |	441
	 49098 	|   1   |	442
	 49268 	|   1   |	443
	 49311 	|   1   |	444
	 49360 	|   1   |	445
	 49362 	|   1   |	446
	 49439 	|   1   |	447
	 49617 	|   1   |	448
	 49636 	|   1   |	449
	 4970 	|   1   |	450
	 49715 	|   1   |	451
	 49887 	|   1   |	452
	 50122 	|   1   |	453
	 50131 	|   1   |	454
	 50144 	|   1   |	455
	 50304 	|   1   |	456
	 50448 	|   1   |	457
	 50483 	|   1   |	458
	 50539 	|   1   |	459
	 50732 	|   1   |	460
	 50873 	|   1   |	461
	 51057 	|   1   |	462
	 51113 	|   1   |	463
	 51172 	|   1   |	464
	 51203 	|   1   |	465
	 51225 	|   1   |	466
	 5131 	|   1   |	467
	 51317 	|   1   |	468
	 5138 	|   1   |	469
	 5141 	|   1   |	470
	 51426 	|   1   |	471
	 51452 	|   1   |	472
	 51460 	|   1   |	473
	 51504 	|   1   |	474
	 51505 	|   1   |	475
	 51666 	|   1   |	476
	 51746 	|   1   |	477
	 51768 	|   1   |	478
	 51846 	|   1   |	479
	 51910 	|   1   |	480
	 51946 	|   1   |	481
	 51989 	|   1   |	482
	 5199 	|   1   |	483
	 52063 	|   1   |	484
	 52418 	|   1   |	485
	 52461 	|   1   |	486
	 52486 	|   1   |	487
	 52520 	|   1   |	488
	 52554 	|   1   |	489
	 52609 	|   1   |	490
	 52672 	|   1   |	491
	 52937 	|   1   |	492
	 52957 	|   1   |	493
	 5308 	|   1   |	494
	 53120 	|   1   |	495
	 5322 	|   1   |	496
	 53312 	|   1   |	497
	 53362 	|   1   |	498
	 53581 	|   1   |	499
	 53586 	|   1   |	500
	 53730 	|   1   |	501
	 53835 	|   1   |	502
	 53879 	|   1   |	503
	 53988 	|   1   |	504
	 54189 	|   1   |	505
	 54271 	|   1   |	506
	 5437 	|   1   |	507
	 54500 	|   1   |	508
	 54620 	|   1   |	509
	 54703 	|   1   |	510
	 54748 	|   1   |	511
	 54818 	|   1   |	512
	 54831 	|   1   |	513
	 54925 	|   1   |	514
	 54983 	|   1   |	515
	 54985 	|   1   |	516
	 5513 	|   1   |	517
	 55168 	|   1   |	518
	 55346 	|   1   |	519
	 55504 	|   1   |	520
	 5559 	|   1   |	521
	 55643 	|   1   |	522
	 55686 	|   1   |	523
	 5572 	|   1   |	524
	 55729 	|   1   |	525
	 55844 	|   1   |	526
	 55899 	|   1   |	527
	 55967 	|   1   |	528
	 56016 	|   1   |	529
	 56039 	|   1   |	530
	 56176 	|   1   |	531
	 56281 	|   1   |	532
	 5646 	|   1   |	533
	 56517 	|   1   |	534
	 56563 	|   1   |	535
	 56619 	|   1   |	536
	 56711 	|   1   |	537
	 56733 	|   1   |	538
	 56940 	|   1   |	539
	 57042 	|   1   |	540
	 57128 	|   1   |	541
	 57304 	|   1   |	542
	 57339 	|   1   |	543
	 57391 	|   1   |	544
	 57462 	|   1   |	545
	 57509 	|   1   |	546
	 57523 	|   1   |	547
	 57659 	|   1   |	548
	 57808 	|   1   |	549
	 58020 	|   1   |	550
	 5818 	|   1   |	551
	 58192 	|   1   |	552
	 58300 	|   1   |	553
	 58328 	|   1   |	554
	 58530 	|   1   |	555
	 58550 	|   1   |	556
	 58755 	|   1   |	557
	 58762 	|   1   |	558
	 58871 	|   1   |	559
	 58904 	|   1   |	560
	 58938 	|   1   |	561
	 59007 	|   1   |	562
	 59021 	|   1   |	563
	 59100 	|   1   |	564
	 59468 	|   1   |	565
	 59655 	|   1   |	566
	 59715 	|   1   |	567
	 59735 	|   1   |	568
	 59860 	|   1   |	569
	 59914 	|   1   |	570
	 59943 	|   1   |	571
	 59959 	|   1   |	572
	 60023 	|   1   |	573
	 60028 	|   1   |	574
	 60084 	|   1   |	575
	 60113 	|   1   |	576
	 60153 	|   1   |	577
	 60182 	|   1   |	578
	 60294 	|   1   |	579
	 60337 	|   1   |	580
	 60476 	|   1   |	581
	 60493 	|   1   |	582
	 60544 	|   1   |	583
	 60745 	|   1   |	584
	 60817 	|   1   |	585
	 61013 	|   1   |	586
	 61128 	|   1   |	587
	 6114 	|   1   |	588
	 61269 	|   1   |	589
	 61406 	|   1   |	590
	 61451 	|   1   |	591
	 6147 	|   1   |	592
	 61492 	|   1   |	593
	 61511 	|   1   |	594
	 61542 	|   1   |	595
	 61650 	|   1   |	596
	 61792 	|   1   |	597
	 61839 	|   1   |	598
	 61897 	|   1   |	599
	 6194 	|   1   |	600
	 62021 	|   1   |	601
	 62057 	|   1   |	602
	 62067 	|   1   |	603
	 62069 	|   1   |	604
	 62156 	|   1   |	605
	 62195 	|   1   |	606
	 62287 	|   1   |	607
	 62320 	|   1   |	608
	 62387 	|   1   |	609
	 62465 	|   1   |	610
	 62522 	|   1   |	611
	 62577 	|   1   |	612
	 62835 	|   1   |	613
	 62920 	|   1   |	614
	 63015 	|   1   |	615
	 63061 	|   1   |	616
	 63114 	|   1   |	617
	 63161 	|   1   |	618
	 63238 	|   1   |	619
	 63282 	|   1   |	620
	 63294 	|   1   |	621
	 63366 	|   1   |	622
	 63562 	|   1   |	623
	 63992 	|   1   |	624
	 64206 	|   1   |	625
	 64327 	|   1   |	626
	 64380 	|   1   |	627
	 64483 	|   1   |	628
	 645 	|   1   |	629
	 64678 	|   1   |	630
	 64684 	|   1   |	631
	 64853 	|   1   |	632
	 64950 	|   1   |	633
	 64965 	|   1   |	634
	 65164 	|   1   |	635
	 65415 	|   1   |	636
	 65494 	|   1   |	637
	 65511 	|   1   |	638
	 65527 	|   1   |	639
	 65598 	|   1   |	640
	 6567 	|   1   |	641
	 65777 	|   1   |	642
	 6606 	|   1   |	643
	 66110 	|   1   |	644
	 66141 	|   1   |	645
	 66155 	|   1   |	646
	 66315 	|   1   |	647
	 66421 	|   1   |	648
	 66434 	|   1   |	649
	 66437 	|   1   |	650
	 66469 	|   1   |	651
	 66833 	|   1   |	652
	 67309 	|   1   |	653
	 67318 	|   1   |	654
	 67536 	|   1   |	655
	 67673 	|   1   |	656
	 67791 	|   1   |	657
	 67892 	|   1   |	658
	 68148 	|   1   |	659
	 68184 	|   1   |	660
	 68218 	|   1   |	661
	 68300 	|   1   |	662
	 68360 	|   1   |	663
	 68409 	|   1   |	664
	 68529 	|   1   |	665
	 68558 	|   1   |	666
	 68685 	|   1   |	667
	 68698 	|   1   |	668
	 68880 	|   1   |	669
	 68999 	|   1   |	670
	 69144 	|   1   |	671
	 69168 	|   1   |	672
	 69171 	|   1   |	673
	 69189 	|   1   |	674
	 69352 	|   1   |	675
	 69356 	|   1   |	676
	 69496 	|   1   |	677
	 69586 	|   1   |	678
	 6959 	|   1   |	679
	 69599 	|   1   |	680
	 69601 	|   1   |	681
	 6965 	|   1   |	682
	 6971 	|   1   |	683
	 69979 	|   1   |	684
	 70036 	|   1   |	685
	 70195 	|   1   |	686
	 70242 	|   1   |	687
	 70394 	|   1   |	688
	 70421 	|   1   |	689
	 70434 	|   1   |	690
	 70636 	|   1   |	691
	 70732 	|   1   |	692
	 70808 	|   1   |	693
	 70834 	|   1   |	694
	 70836 	|   1   |	695
	 70947 	|   1   |	696
	 70949 	|   1   |	697
	 71016 	|   1   |	698
	 71212 	|   1   |	699
	 71246 	|   1   |	700
	 71394 	|   1   |	701
	 71762 	|   1   |	702
	 7178 	|   1   |	703
	 71866 	|   1   |	704
	 72024 	|   1   |	705
	 72048 	|   1   |	706
	 72073 	|   1   |	707
	 72095 	|   1   |	708
	 72186 	|   1   |	709
	 72329 	|   1   |	710
	 72400 	|   1   |	711
	 72531 	|   1   |	712
	 72732 	|   1   |	713
	 72830 	|   1   |	714
	 72884 	|   1   |	715
	 729 	|   1   |	716
	 73090 	|   1   |	717
	 73099 	|   1   |	718
	 73153 	|   1   |	719
	 73271 	|   1   |	720
	 73289 	|   1   |	721
	 7334 	|   1   |	722
	 7341 	|   1   |	723
	 73592 	|   1   |	724
	 7382 	|   1   |	725
	 73956 	|   1   |	726
	 74074 	|   1   |	727
	 74176 	|   1   |	728
	 74182 	|   1   |	729
	 74307 	|   1   |	730
	 7437 	|   1   |	731
	 74678 	|   1   |	732
	 74720 	|   1   |	733
	 74854 	|   1   |	734
	 74948 	|   1   |	735
	 74983 	|   1   |	736
	 75040 	|   1   |	737
	 75127 	|   1   |	738
	 75140 	|   1   |	739
	 75153 	|   1   |	740
	 75299 	|   1   |	741
	 75336 	|   1   |	742
	 75505 	|   1   |	743
	 75519 	|   1   |	744
	 75598 	|   1   |	745
	 75657 	|   1   |	746
	 7568 	|   1   |	747
	 75743 	|   1   |	748
	 7598 	|   1   |	749
	 76169 	|   1   |	750
	 76180 	|   1   |	751
	 76181 	|   1   |	752
	 76241 	|   1   |	753
	 76418 	|   1   |	754
	 76439 	|   1   |	755
	 7648 	|   1   |	756
	 76577 	|   1   |	757
	 76630 	|   1   |	758
	 76735 	|   1   |	759
	 76786 	|   1   |	760
	 76816 	|   1   |	761
	 76842 	|   1   |	762
	 76928 	|   1   |	763
	 77099 	|   1   |	764
	 77132 	|   1   |	765
	 77150 	|   1   |	766
	 77205 	|   1   |	767
	 77255 	|   1   |	768
	 77342 	|   1   |	769
	 77509 	|   1   |	770
	 77613 	|   1   |	771
	 77711 	|   1   |	772
	 77743 	|   1   |	773
	 77781 	|   1   |	774
	 7783 	|   1   |	775
	 77833 	|   1   |	776
	 77880 	|   1   |	777
	 78075 	|   1   |	778
	 78093 	|   1   |	779
	 78130 	|   1   |	780
	 78142 	|   1   |	781
	 78150 	|   1   |	782
	 78340 	|   1   |	783
	 78359 	|   1   |	784
	 78517 	|   1   |	785
	 78529 	|   1   |	786
	 7874 	|   1   |	787
	 7903 	|   1   |	788
	 79181 	|   1   |	789
	 79222 	|   1   |	790
	 79231 	|   1   |	791
	 79362 	|   1   |	792
	 79415 	|   1   |	793
	 79484 	|   1   |	794
	 79610 	|   1   |	795
	 79666 	|   1   |	796
	 79727 	|   1   |	797
	 79841 	|   1   |	798
	 79874 	|   1   |	799
	 79964 	|   1   |	800
	 80 	|   1   |	801
	 80007 	|   1   |	802
	 80077 	|   1   |	803
	 80330 	|   1   |	804
	 80390 	|   1   |	805
	 80466 	|   1   |	806
	 80485 	|   1   |	807
	 80522 	|   1   |	808
	 80606 	|   1   |	809
	 80617 	|   1   |	810
	 80667 	|   1   |	811
	 80885 	|   1   |	812
	 81011 	|   1   |	813
	 81108 	|   1   |	814
	 81232 	|   1   |	815
	 81391 	|   1   |	816
	 81739 	|   1   |	817
	 81772 	|   1   |	818
	 81935 	|   1   |	819
	 820 	|   1   |	820
	 82039 	|   1   |	821
	 82040 	|   1   |	822
	 82121 	|   1   |	823
	 82147 	|   1   |	824
	 82357 	|   1   |	825
	 82390 	|   1   |	826
	 82480 	|   1   |	827
	 82511 	|   1   |	828
	 8254 	|   1   |	829
	 82587 	|   1   |	830
	 82757 	|   1   |	831
	 83052 	|   1   |	832
	 83063 	|   1   |	833
	 83088 	|   1   |	834
	 83094 	|   1   |	835
	 83096 	|   1   |	836
	 83476 	|   1   |	837
	 83618 	|   1   |	838
	 83815 	|   1   |	839
	 83925 	|   1   |	840
	 83937 	|   1   |	841
	 83946 	|   1   |	842
	 83958 	|   1   |	843
	 83984 	|   1   |	844
	 84001 	|   1   |	845
	 84147 	|   1   |	846
	 84179 	|   1   |	847
	 84329 	|   1   |	848
	 84352 	|   1   |	849
	 84465 	|   1   |	850
	 84574 	|   1   |	851
	 8463 	|   1   |	852
	 84690 	|   1   |	853
	 84738 	|   1   |	854
	 84777 	|   1   |	855
	 84950 	|   1   |	856
	 85106 	|   1   |	857
	 85149 	|   1   |	858
	 85240 	|   1   |	859
	 85241 	|   1   |	860
	 85263 	|   1   |	861
	 85312 	|   1   |	862
	 85516 	|   1   |	863
	 85688 	|   1   |	864
	 85702 	|   1   |	865
	 85766 	|   1   |	866
	 86207 	|   1   |	867
	 86232 	|   1   |	868
	 86296 	|   1   |	869
	 86326 	|   1   |	870
	 8636 	|   1   |	871
	 8656 	|   1   |	872
	 86709 	|   1   |	873
	 86731 	|   1   |	874
	 86803 	|   1   |	875
	 86957 	|   1   |	876
	 87337 	|   1   |	877
	 87382 	|   1   |	878
	 87541 	|   1   |	879
	 8757 	|   1   |	880
	 87752 	|   1   |	881
	 87909 	|   1   |	882
	 87976 	|   1   |	883
	 88329 	|   1   |	884
	 88333 	|   1   |	885
	 88363 	|   1   |	886
	 88453 	|   1   |	887
	 88619 	|   1   |	888
	 88853 	|   1   |	889
	 89137 	|   1   |	890
	 89503 	|   1   |	891
	 896 	|   1   |	892
	 89729 	|   1   |	893
	 89904 	|   1   |	894
	 89919 	|   1   |	895
	 89965 	|   1   |	896
	 90016 	|   1   |	897
	 90185 	|   1   |	898
	 90195 	|   1   |	899
	 90206 	|   1   |	900
	 90285 	|   1   |	901
	 90323 	|   1   |	902
	 90389 	|   1   |	903
	 90411 	|   1   |	904
	 90429 	|   1   |	905
	 90433 	|   1   |	906
	 90622 	|   1   |	907
	 9065 	|   1   |	908
	 90713 	|   1   |	909
	 90950 	|   1   |	910
	 91016 	|   1   |	911
	 91074 	|   1   |	912
	 91120 	|   1   |	913
	 9114 	|   1   |	914
	 91340 	|   1   |	915
	 91342 	|   1   |	916
	 91400 	|   1   |	917
	 91466 	|   1   |	918
	 91487 	|   1   |	919
	 91492 	|   1   |	920
	 91505 	|   1   |	921
	 91719 	|   1   |	922
	 91742 	|   1   |	923
	 91916 	|   1   |	924
	 91975 	|   1   |	925
	 92429 	|   1   |	926
	 92516 	|   1   |	927
	 92880 	|   1   |	928
	 930 	|   1   |	929
	 93011 	|   1   |	930
	 93106 	|   1   |	931
	 93190 	|   1   |	932
	 93515 	|   1   |	933
	 93548 	|   2   |	935
	 93616 	|   1   |	936
	 93669 	|   1   |	937
	 93701 	|   1   |	938
	 9402 	|   1   |	939
	 94056 	|   1   |	940
	 94085 	|   1   |	941
	 94095 	|   1   |	942
	 94160 	|   1   |	943
	 9426 	|   1   |	944
	 94324 	|   1   |	945
	 94377 	|   1   |	946
	 9453 	|   1   |	947
	 94550 	|   1   |	948
	 94569 	|   1   |	949
	 9474 	|   1   |	950
	 94772 	|   1   |	951
	 95116 	|   1   |	952
	 95129 	|   1   |	953
	 95159 	|   1   |	954
	 9536 	|   1   |	955
	 95418 	|   1   |	956
	 95693 	|   1   |	957
	 9585 	|   1   |	958
	 95884 	|   1   |	959
	 96129 	|   1   |	960
	 96144 	|   1   |	961
	 96169 	|   1   |	962
	 96170 	|   1   |	963
	 96202 	|   1   |	964
	 96271 	|   1   |	965
	 96640 	|   1   |	966
	 96701 	|   1   |	967
	 9683 	|   1   |	968
	 9696 	|   1   |	969
	 9701 	|   1   |	970
	 97399 	|   1   |	971
	 97523 	|   1   |	972
	 9780 	|   1   |	973
	 97871 	|   1   |	974
	 97990 	|   1   |	975
	 97991 	|   1   |	976
	 98046 	|   1   |	977
	 981 	|   1   |	978
	 98228 	|   1   |	979
	 98249 	|   1   |	980
	 98345 	|   1   |	981
	 98419 	|   1   |	982
	 98521 	|   1   |	983
	 98668 	|   1   |	984
	 98728 	|   1   |	985
	 98790 	|   1   |	986
	 9894 	|   1   |	987
	 99024 	|   1   |	988
	 99172 	|   1   |	989
	 99189 	|   1   |	990
	 99193 	|   1   |	991
	 99246 	|   1   |	992
	 99256 	|   1   |	993
	 99272 	|   1   |	994
	 99403 	|   1   |	995
	 99575 	|   1   |	996
	 99696 	|   1   |	997
	 99808 	|   1   |	998
	 99820 	|   1   |	999
	 99968 	|   1   |	1000
	 99970 	|   1   |	1001
Mode of entry data: Number = 93548 Freq = 2
Mediana of entry data = 53730
Average value: 48936.36
Dispersion: 804111779.161
Mean square deviation: 28356.865