Sorted data: [[1.5, 12], [1.5, 12], [1.5, 12], [1.5, 12], [1.5, 12], [1.5, 12], [1.5, 12], [1.5, 12], [2.4, 19], [2.4, 19], [2.4, 19], [2.4, 19], [2.4, 19], [2.4, 19], [2.4, 19], [2.4, 19], [2.4, 19], [2.4, 19], [2.6, 29], [2.6, 29], [2.6, 29], [2.6, 29], [2.6, 29], [2.6, 29], [2.6, 29], [2.6, 29], [2.8, 34], [2.8, 34], [2.8, 34], [2.8, 34], [2.8, 34], [2.8, 34], [2.8, 34], [2.8, 34], [3.6, 26], [3.6, 26], [3.6, 26], [3.6, 26], [3.6, 26], [3.6, 26], [3.6, 26], [3.6, 26], [3.6, 26], [3.6, 26], [3.8, 32], [3.8, 32], [3.8, 32], [3.8, 32], [3.8, 32], [3.8, 32], [3.8, 32], [3.8, 32], [3.9, 45], [3.9, 45], [3.9, 45], [3.9, 45], [3.9, 45], [3.9, 45], [3.9, 45], [3.9, 45], [4.1, 30], [4.1, 30], [4.1, 30], [4.1, 30], [4.1, 30], [4.1, 30], [4.1, 30], [4.1, 30], [4.4, 28], [4.4, 28], [4.4, 28], [4.4, 28], [4.4, 28], [4.4, 28], [4.4, 28], [4.4, 28], [4.6, 40], [4.6, 40], [4.6, 40], [4.6, 40], [4.6, 40], [4.6, 40], [4.6, 40], [4.6, 40], [5.4, 43], [5.4, 43], [5.4, 43], [5.4, 43], [5.4, 43], [5.4, 43], [5.4, 43], [5.4, 43], [7.6, 82], [7.6, 82], [7.6, 82], [7.6, 82], [7.6, 82], [7.6, 82], [7.6, 82], [7.6, 82]]


Trend of data is positive



Gravitycenter = 40.358921161825734Covarince: 22.820202020202036
Correlation coefficient:0.901950337071579

Line of regression of y on x
x = 0.100179886685552*y + 0.399793909348461
y = 9.98204363255906*x - 3.9907602471477	(y on x)