Unsorted data: [ 64  51  97  52  46  99  31  99  88  46  79  54  36  82  71  28  51  25
  42  80  65  22  81  16  68  85  12  58  77  51  56  73  76  83  44  41
  78  35  15  25  66  25  81  38  69  61  92  36  68  57  10  79  53  16
  19  19  60  91  92  67  56  50  94  77  26  47  61  68  22  22  82  55
  58  22  97  38  70  61  87  82  77  83  14  87 100  73  76  14  70  45
  49 100  63  61  35  98  78  22  35  60]
Sorted data: [10, 12, 14, 14, 15, 16, 16, 19, 19, 22, 22, 22, 22, 22, 25, 25, 25, 26, 28, 31, 35, 35, 35, 36, 36, 38, 38, 41, 42, 44, 45, 46, 46, 47, 49, 50, 51, 51, 51, 52, 53, 54, 55, 56, 56, 57, 58, 58, 60, 60, 61, 61, 61, 61, 63, 64, 65, 66, 67, 68, 68, 68, 69, 70, 70, 71, 73, 73, 76, 76, 77, 77, 77, 78, 78, 79, 79, 80, 81, 81, 82, 82, 82, 83, 83, 85, 87, 87, 88, 91, 92, 92, 94, 97, 97, 98, 99, 99, 100, 100]

Lower(first) quartile = 36.5
Upper(third) quartile = 78.75

90-th percentile = 91.9

Standart Deviation = 25.280615003387382
Average Deviation = 21.24319999999999

GradeA = 0.12
GradeB = 88.11
Result grades: [89.31, 89.55, 89.79, 89.79, 89.91, 90.03, 90.03, 90.39, 90.39, 90.75, 90.75, 90.75, 90.75, 90.75, 91.11, 91.11, 91.11, 91.23, 91.47, 91.83, 92.31, 92.31, 92.31, 92.43, 92.43, 92.67, 92.67, 93.03, 93.15, 93.39, 93.51, 93.63, 93.63, 93.75, 93.99, 94.11, 94.23, 94.23, 94.23, 94.35, 94.47, 94.59, 94.71, 94.83, 94.83, 94.95, 95.07, 95.07, 95.31, 95.31, 95.42999999999999, 95.42999999999999, 95.42999999999999, 95.42999999999999, 95.67, 95.78999999999999, 95.91, 96.03, 96.15, 96.27, 96.27, 96.27, 96.39, 96.51, 96.51, 96.63, 96.87, 96.87, 97.23, 97.23, 97.35, 97.35, 97.35, 97.47, 97.47, 97.59, 97.59, 97.71, 97.83, 97.83, 97.95, 97.95, 97.95, 98.07, 98.07, 98.31, 98.55, 98.55, 98.67, 99.03, 99.15, 99.15, 99.39, 99.75, 99.75, 99.87, 99.99, 99.99, 100.11, 100.11]


Stem-Leaf Diagram
1 	| 	0 2 4 4 5 6 6 9 9 
2 	| 	2 2 2 2 2 5 5 5 6 8 
3 	| 	1 5 5 5 6 6 8 8 
4 	| 	1 2 4 5 6 6 7 9 
5 	| 	0 1 1 1 2 3 4 5 6 6 7 8 8 
6 	| 	0 0 1 1 1 1 3 4 5 6 7 8 8 8 9 
7 	| 	0 0 1 3 3 6 6 7 7 7 8 8 9 9 
8 	| 	0 1 1 2 2 2 3 3 5 7 7 8 
9 	| 	1 2 2 4 7 7 8 9 9 
10 	| 	0 0 

Key: 10